begin remote

    name  aircon
    flags RAW_CODES
    eps            30
    aeps          100

    gap          19991

    begin raw_codes
        name on
        4357     4512      448     1745      447      636
        471     1721      447     1744      477      606
        445      639      445     1744      471      613
        442      641      445     1745      446      637
        468      614      469     1721      447     1746
        470      634      423     1746      444     1750
        468     1719      446     1747      447     1745
        445     1746      444     1746      448     1746
        469     1724      468      612      447      638
        442      661      448      615      440      638
        443      642      441      639      444      637
        467     1723      446     1769      423      635
        446     1750      448      655      422      637
        445      637      444      638      470      614
        443      661      418     1751      443      660
        421     1750      467     1723      444     1750
        466     1724      443     5344     4347     4550
        418     1773      419      662      419     1773
        420     1772      418      664      416      666
        441     1751      416      666      416      664
        418     1776      415      665      417      666
        416     1774      416     1776      417      666
        415     1775      417     1775      416     1775
        416     1775      417     1777      415     1775
        416     1776      439     1752      416     1775
        417      666      416      667      415      667
        439      644      439      642      416      667
        439      643      415      667      415     1776
        415     1775      440      643      415     1775
        415      668      439      643      416      666
        415      693      389      667      415      669
        413     1777      427      656      438     1754
        438     1752      440     1752      439     1754
        414

        name off
        4347     4518      474     1719      473      609
        447     1747      444     1753      464      611
        448      634      445     1745      471      610
        445      638      471     1744      445      615
        445      638      445     1748      467     1720
        449      635      446     1747      444      636
        445     1747      469     1721      470     1725
        468     1721      446      635      446     1746
        470     1721      445     1757      460      610
        446      660      422      639      443      660
        444     1725      443      640      442      661
        421     1748      467     1725      442     1749
        448      658      420      660      420      662
        419      663      445      616      439      664
        417      665      417      665      418     1773
        442     1749      419     1773      442     1750
        419     1775      439     5347     4345     4524
        417     1775      439      641      418     1774
        441     1754      413      667      415      666
        418     1774      416      667      416      667
        439     1751      439      643      416      666
        415     1776      416     1775      416      666
        416     1780      425      652      439     1752
        439     1753      416     1775      416     1776
        416      666      416     1776      415     1776
        440     1753      415      665      416      667
        415      667      440      642      415     1776
        416      667      439      643      414     1777
        415     1776      415     1776      415      668
        437      644      415      669      437      643
        414      668      439      642      415      667
        415      668      439     1752      415     1775
        416     1776      440     1752      416     1776
        439

  end raw_codes

end remote